latom
0;1.73 1.5865472324554348 4.62 ;H
1;4.36 1.4722748902659584 3.89 ;N
2;4.01 0.320622211896494 1.04 ;S
3;5.49 1.7677731774266308 2.99 ;C
4;7.43 3.2710690332928527 4.12 ;O
5;4.33 0.5193997895825886 4.32 ;H
6;6.39 2.9809729824228124 3.51 ;C
7;5.92 1.7809565233989515 0.87 ;H
8;5.04 2.280209735197058 1.52 ;C
9;6.11 1.4530670968408477 3.03 ;H
10;4.46 3.012584019414613 1.35 ;H
11;5.98 4.109420666354499 3.25 ;N
12;6.61 5.652578758045867 3.68 ;C
13;5.78 7.173380802320855 2.21 ;O
14;5.69 6.749980097825338 3.31 ;C
connect

3 5 
8 
1 6 8 9 
6 
1 
3 4 8 11 
8 
2 3 6 7 10 
3 
8 
6 12 
11 14 
14 
12 13 
