latom
0;3.37 2.5558966047303175 4.16 ;C
1;3.29 3.840819800129905 3.69 ;O
2;2.29 2.3984569049732944 5.11 ;C
3;2.75 2.1220923689162934 6.02 ;H
4;1.6 2.6495614330484907 5.37 ;H
5;1.73 1.078923280669126 4.62 ;H
6;4.36 1.331503581789233 3.89 ;N
7;5.49 1.711199765085217 2.99 ;C
8;6.39 2.882925198452648 3.51 ;C
9;7.43 2.7155139123826877 4.12 ;O
10;5.04 1.8953200604690288 1.52 ;C
11;4.01 1.0413805938458696 1.04 ;S
12;4.33 0.841550513436063 4.32 ;H
13;6.11 0.9375767126402944 3.03 ;H
14;4.46 2.812891643164707 1.35 ;H
15;5.92 2.1644940737050815 0.87 ;H
16;5.98 4.375716191144153 3.25 ;N
17;6.61 5.781360717574927 3.68 ;C
18;5.69 7.190533767484075 3.31 ;C
19;5.78 7.009144318190497 2.21 ;O
20;8.03 5.913698387111413 3.09 ;C
connect
1 2 6 
0 
0 4 3 5 
2 5 
2 
2 3 
0 7 12 
6 13 10 8 
7 9 16 
8 
7 14 15 11 
10 
6 
7 
10 
10 
8 17 
16 20 18 
17 19 
18 
17 
