latom
0;3.29 3.31 3.69 ;O
1;3.37 2.17 4.16 ;C
2;2.29 1.66 5.11 ;C
3;2.75 1.28 6.02 ;H
4;1.6 2.47 5.37 ;H
5;1.73 0.86 4.62 ;H
6;4.36 1.32 3.89 ;N
7;5.49 1.56 2.99 ;C
8;6.39 2.69 3.51 ;C
9;7.43 2.43 4.12 ;O
10;5.04 1.7 1.52 ;C
11;4.01 0.28 1.04 ;S
12;4.33 0.41 4.32 ;H
13;6.11 0.69 3.03 ;H
14;4.46 2.6 1.35 ;H
15;5.92 1.7 0.87 ;H
16;5.98 3.93 3.25 ;N
17;6.61 5.17 3.68 ;C
18;5.69 6.33 3.31 ;C
19;5.78 6.87 2.21 ;O
20;8.03 5.32 3.09 ;C
connect
1 
0 2 6 
1 3 4 5 
2 
2 
2 
1 7 12 
6 8 10 13 
7 9 16 
8 
7 11 14 15 
10 
6 
7 
10 
10 
8 17 
16 18 20 
17 19 
18 
17 
