latom
0;3.29 3.525913456472839 3.69 ;O
1;3.37 2.3313952202790578 4.16 ;C
2;2.29 1.7502794299978144 5.11 ;C
3;2.75 1.4702581004557256 6.02 ;H
4;1.6 2.567814412954835 5.37 ;H
5;1.73 0.8642709057901128 4.62 ;H
6;4.36 1.558143353488158 3.89 ;N
7;5.49 1.7259297352962135 2.99 ;C
8;6.39 2.964927527865802 3.51 ;C
9;7.43 2.4834105683992074 4.12 ;O
10;5.04 1.767319490057342 1.52 ;C
11;4.01 0.3056617754410638 1.04 ;S
12;4.33 0.4920524270206405 4.32 ;H
13;6.11 0.7461575323568042 3.03 ;H
14;4.46 2.8636902165872815 1.35 ;H
15;5.92 1.9039534285199338 0.87 ;H
16;5.98 3.996337936511702 3.25 ;N
17;6.61 5.176295200452444 3.68 ;C
18;5.69 6.431095553959954 3.31 ;C
19;5.78 7.14623526826758 2.21 ;O
20;8.03 5.439301160675155 3.09 ;C
connect
1 
0 2 6 
1 3 4 5 
2 
2 
2 
1 7 12 
6 8 10 13 
7 9 16 
8 
7 11 14 15 
10 
6 
7 
10 
10 
8 17 
16 18 20 
17 19 
18 
17 
