latom
0;3.37 2.17 4.16 ;C
1;3.29 3.31 3.69 ;O
2;2.29 1.66 5.11 ;C
3;2.75 1.28 6.02 ;H
4;1.6 2.47 5.37 ;H
5;1.73 0.86 4.62 ;H
6;4.36 1.32 3.89 ;N
7;5.49 1.56 2.99 ;C
8;6.39 2.69 3.51 ;C
9;7.43 2.43 4.12 ;O
10;5.04 1.7 1.52 ;C
11;4.01 0.28 1.04 ;S
12;4.33 0.41 4.32 ;H
13;6.11 0.69 3.03 ;H
14;4.46 2.6 1.35 ;H
15;5.92 1.7 0.87 ;H
16;5.98 3.93 3.25 ;N
17;6.61 5.17 3.68 ;C
18;5.69 6.33 3.31 ;C
19;5.78 6.87 2.21 ;O
20;8.03 5.32 3.09 ;C
21;8.16 4.96 1.6 ;C
22;9.59 5.19 1.12 ;C
23;10.39 4.23 1.21 ;O
24;9.87 6.33 0.67 ;O
25;5.09 3.98 2.78 ;H
26;6.71 5.15 4.77 ;H
27;8.36 6.34 3.25 ;H
28;8.71 4.66 3.65 ;H
29;7.91 3.92 1.44 ;H
30;7.49 5.58 1.0 ;H
31;4.79 6.71 4.24 ;N
32;3.78 7.74 4.03 ;C
33;2.91 7.4 2.82 ;C
34;2.95 8.09 1.8 ;O
35;4.43 9.13 3.92 ;C
36;5.28 9.48 5.12 ;C
37;6.63 9.23 5.25 ;N
38;4.85 10.05 6.28 ;C
39;7.0 9.65 6.47 ;C
40;5.95 10.16 7.14 ;N
41;4.8 6.25 5.14 ;H
42;3.14 7.76 4.92 ;H
43;5.05 9.2 3.03 ;H
44;3.64 9.88 3.84 ;H
45;7.22 8.8 4.56 ;H
46;3.83 10.35 6.51 ;H
47;8.0 9.58 6.86 ;H
48;2.13 6.31 2.92 ;N
49;1.32 5.77 1.84 ;C
50;0.89 4.34 2.2 ;C
51;0.58 4.07 3.36 ;O
52;0.1 6.66 1.58 ;C
53;0.87 6.13 0.54 ;C
54;0.4 5.78 0.74 ;C
55;-1.77 5.97 0.85 ;C
56;-0.72 5.23 -0.31 ;C
57;-2.89 5.43 0.1 ;C
58;-1.36 5.05 -0.63 ;C
59;2.16 5.77 3.78 ;H
60;1.94 5.73 0.94 ;H
61;0.43 6.79 2.53 ;H
62;0.43 7.65 1.26 ;H
63;0.64 5.93 -0.99 ;H
64;-1.39 6.25 1.82 ;H
65;0.91 4.94 -1.34 ;H
66;-3.84 5.3 0.14 ;H
67;-2.69 4.62 -1.91 ;H
68;0.89 3.45 1.2 ;N
69;0.59 2.03 1.3 ;C
70;0.48 1.43 0.1 ;C
71;0.1 2.06 0.99 ;O
72;0.7 1.74 2.09 ;C
73;-0.13 2.67 1.72 ;C
74;-2.77 2.02 1.98 ;C
75;-2.42 1.09 0.9 ;N
76;-2.47 0.26 0.94 ;C
77;-2.84 0.92 2.05 ;N
78;-2.14 0.95 0.15 ;N
79;1.15 3.79 0.28 ;H
80;1.42 1.55 1.82 ;H
81;0.98 0.71 1.89 ;H
82;0.52 1.81 3.16 ;H
83;-0.19 3.57 2.33 ;H
84;-0.18 2.95 0.67 ;H
85;-2.75 1.55 2.96 ;H
86;-2.01 2.81 1.97 ;H
87;-2.12 1.51 0.04 ;H
88;-3.86 0.46 0.99 ;H
89;-2.16 -0.05 0.14 ;H
90;0.95 0.19 0.28 ;N
91;0.81 0.55 -0.47 ;C
92;0.51 -1.97 -0.73 ;C
93;0.19 -1.34 -1.94 ;O
94;2.08 0.39 -1.64 ;C
95;2.07 -0.88 -2.33 ;C
96;1.54 0.66 -3.18 ;C
97;2.54 -1.52 -2.04 ;C
98;1.66 -0.38 -4.2 ;N
99;2.26 -1.23 -4.68 ;C
100;3.17 -2.51 -2.8 ;C
101;2.58 -4.0 -4.09 ;C
102;3.49 -3.27 -2.22 ;C
103;3.19 -3.01 -4.87 ;C
104;0.02 0.15 -1.9 ;H
105;2.24 0.67 -1.44 ;H
106;2.94 0.75 -0.22 ;H
107;1.09 0.31 -3.05 ;H
108;1.32 -0.52 -5.25 ;H
109;3.41 -2.69 -1.84 ;H
110;2.35 -3.81 -5.05 ;H
111;3.96 -4.5 -2.83 ;H
112;3.44 -4.05 -4.44 ;H
113;1.08 -1.42 0.19 ;N
114;1.22 -4.0 0.09 ;C
115;0.12 -3.35 0.42 ;C
116;0.47 -3.17 1.59 ;O
117;2.24 -3.84 1.23 ;C
118;3.64 -2.97 1.0 ;S
119;1.64 -3.52 0.8 ;H
120;1.79 -2.09 2.19 ;H
121;2.6 -4.81 1.26 ;H
122;0.88 -4.99 0.62 ;N
123;-1.78 -4.43 0.53 ;C
124;-1.37 -5.94 -0.08 ;C
125;-1.63 -4.64 -1.1 ;O
126;-2.8 -3.52 0.05 ;C
127;-3.42 -4.96 0.27 ;C
128;-4.48 -2.08 0.76 ;C
129;-5.12 -3.5 1.14 ;C
130;-6.21 -2.56 1.61 ;N
131;0.52 -3.16 -0.45 ;H
132;-1.8 -5.63 0.21 ;H
133;-1.19 -2.0 0.85 ;H
134;-2.71 -2.28 0.83 ;H
135;-4.98 -4.5 0.61 ;H
136;-3.51 -4.21 1.06 ;H
137;-4.92 -2.57 1.62 ;H
138;-4.35 -2.81 0.04 ;H
139;-6.67 -3.02 0.28 ;H
140;-5.24 -4.77 1.94 ;H
141;-6.61 -1.02 2.42 ;H
142;-6.08 -1.24 0.88 ;H
143;-7.32 -2.16 1.86 ;H
144;-2.71 -6.77 -1.96 ;N
145;-2.09 -6.32 -2.71 ;C
146;-3.23 -5.42 -2.08 ;C
147;-4.34 -5.96 -2.75 ;O
148;-3.11 -7.19 -1.15 ;C
149;-3.9 -8.56 -0.3 ;C
150;-2.5 -7.78 -1.0 ;C
151;-2.88 -6.02 -2.03 ;H
152;-4.16 -7.54 -1.53 ;H
153;-4.96 -8.49 -2.33 ;H
154;-3.27 -9.97 -0.96 ;H
155;-2.71 -9.95 -1.89 ;H
156;-3.79 -6.16 0.27 ;H
157;-1.43 -7.49 0.52 ;H
158;-3.53 -5.77 -4.82 ;N
159;-4.96 -4.9 -4.08 ;C
160;-4.92 -2.17 -4.94 ;C
161;-5.88 -2.58 -3.43 ;O
162;-5.65 -4.51 -5.36 ;C
163;-6.52 -4.01 -4.27 ;C
164;-5.15 -3.67 -6.48 ;C
165;-2.27 -5.26 -4.36 ;H
166;-3.68 -3.1 -5.29 ;H
167;-5.9 -5.69 -6.69 ;H
168;-6.24 -4.76 -3.01 ;H
169;-7.64 -5.79 -5.65 ;H
170;-6.81 -5.09 -4.77 ;H
171;-2.09 -2.8 -3.13 ;N
172;-2.93 -2.43 -4.72 ;H
173;-2.12 -1.64 -3.69 ;H
connect
1 6 2 12 
0 
0 3 5 4 
2 
2 
2 
0 12 7 13 
6 13 8 10 
7 9 16 
8 
7 14 15 11 
106 10 
6 0 
7 6 
10 
10 
8 25 17 
16 26 18 20 
17 19 31 37 
18 
17 27 28 21 
20 29 30 22 
21 23 24 
22 
22 
16 
17 27 
20 26 
20 
21 
21 
18 41 32 
31 42 33 35 
32 34 48 
33 
32 43 44 36 
35 38 37 
36 45 39 18 
36 46 45 40 
37 47 40 
39 38 
31 
32 
35 
35 
37 38 
38 
39 
33 59 49 
48 60 50 
49 51 83 
50 
54 61 62 64 
60 54 63 
53 52 56 
64 57 
54 58 65 
55 66 
56 67 
48 
49 53 
52 
52 
53 65 
52 55 
63 56 
57 
58 
84 79 
71 72 
71 91 
73 69 70 84 
69 80 82 
83 71 86 
86 85 77 
77 78 76 
75 89 88 
74 75 
75 87 
68 
72 81 
80 
72 
50 73 
68 71 
74 
73 74 
78 
76 
76 
91 113 
70 90 
113 131 93 
92 104 
96 105 95 
94 97 
107 94 96 
95 100 
107 108 99 
98 
97 109 
112 110 
109 111 
112 
93 107 
94 106 
105 11 
104 96 98 
98 112 
100 102 
101 
102 112 
111 101 103 108 
90 92 
131 119 122 
131 116 133 
115 120 
119 121 118 
117 
114 117 
116 
117 
114 
126 132 125 123 
132 157 
123 
134 136 123 
136 156 
137 138 
135 137 
137 143 139 142 
92 115 114 
123 124 
115 134 
133 126 
136 129 140 
126 127 135 
128 130 129 
128 
130 
135 
143 
130 
130 141 
148 151 145 
144 
151 147 
146 159 
150 144 152 
152 154 
157 148 
144 146 
148 153 149 
152 
155 149 
154 
127 
124 150 
159 165 
147 162 158 
161 166 
163 160 162 
159 170 164 167 161 
170 168 161 
162 164 
158 
160 172 
162 
163 
170 
162 163 169 
173 
166 173 
172 171 
