latom
0;-2.12 -6.319999999999999 -3.69 ;H
1;-2.93 -8.14 -4.72 ;H
2;-2.09 -6.92 -3.13 ;N
3;-6.81 -10.85 -4.77 ;H
4;-7.64 -12.43 -5.65 ;H
5;-6.24 -8.76 -3.01 ;H
6;-5.9 -13.370000000000001 -6.69 ;H
7;-3.68 -9.38 -5.29 ;H
8;-2.27 -10.61 -4.36 ;H
9;-5.15 -11.14 -6.48 ;C
10;-6.52 -9.27 -4.27 ;C
11;-5.65 -10.86 -5.36 ;C
12;-5.88 -7.0 -3.43 ;O
13;-4.92 -8.100000000000001 -4.94 ;C
14;-4.96 -9.97 -4.08 ;C
15;-3.53 -11.58 -4.82 ;N
16;-1.43 -7.96 0.52 ;H
17;-3.79 -6.88 0.27 ;H
18;-2.71 -12.829999999999998 -1.89 ;H
19;-3.27 -11.92 -0.96 ;H
20;-4.96 -11.81 -2.33 ;H
21;-4.16 -10.06 -1.53 ;H
22;-2.88 -9.04 -2.03 ;H
23;-2.5 -9.77 -1.0 ;C
24;-3.9 -9.850000000000001 -0.3 ;C
25;-3.11 -9.33 -1.15 ;C
26;-4.34 -9.7 -2.75 ;O
27;-3.23 -8.49 -2.08 ;C
28;-2.09 -10.02 -2.71 ;C
29;-2.71 -9.719999999999999 -1.96 ;N
30;-7.32 -2.16 1.86 ;H
31;-6.08 -1.35 0.88 ;H
32;-6.61 -1.02 2.42 ;H
33;-5.24 -4.77 1.94 ;H
34;-6.67 -3.73 0.28 ;H
35;-4.35 -3.76 0.04 ;H
36;-4.92 -2.57 1.62 ;H
37;-3.51 -4.21 1.06 ;H
38;-4.98 -4.88 0.61 ;H
39;-2.71 -2.44 0.83 ;H
40;-1.19 -2.14 0.85 ;H
41;-1.8 -6.41 0.21 ;H
42;0.52 -4.6 -0.45 ;H
43;-6.21 -2.56 1.61 ;N
44;-5.12 -3.5 1.14 ;C
45;-4.48 -2.31 0.76 ;C
46;-3.42 -5.68 0.27 ;C
47;-2.8 -4.46 0.05 ;C
48;-1.63 -6.7299999999999995 -1.1 ;O
49;-1.37 -7.010000000000001 -0.08 ;C
50;-1.78 -4.89 0.53 ;C
51;0.88 -5.36 0.62 ;N
52;2.6 -4.81 1.26 ;H
53;1.79 -2.09 2.19 ;H
54;1.64 -3.71 0.8 ;H
55;3.64 -2.97 1.0 ;S
56;2.24 -3.84 1.23 ;C
57;0.47 -3.17 1.59 ;O
58;0.12 -3.92 0.42 ;C
59;1.22 -4.9 0.09 ;C
60;1.08 -2.2199999999999998 0.19 ;N
61;3.44 -9.48 -4.44 ;H
62;3.96 -8.32 -2.83 ;H
63;2.35 -9.85 -5.05 ;H
64;3.41 -5.52 -1.84 ;H
65;1.32 -6.76 -5.25 ;H
66;1.09 -3.73 -3.05 ;H
67;2.94 -0.45999999999999996 -0.22 ;H
68;2.24 -1.7599999999999998 -1.44 ;H
69;0.02 -2.7399999999999998 -1.9 ;H
70;3.19 -8.870000000000001 -4.87 ;C
71;3.49 -6.48 -2.22 ;C
72;2.58 -9.08 -4.09 ;C
73;3.17 -6.3 -2.8 ;C
74;2.26 -6.9 -4.68 ;C
75;1.66 -5.57 -4.2 ;N
76;2.54 -4.550000000000001 -2.04 ;C
77;1.54 -3.51 -3.18 ;C
78;2.07 -4.2 -2.33 ;C
79;2.08 -2.2399999999999998 -1.64 ;C
80;0.19 -4.27 -1.94 ;O
81;0.51 -3.69 -0.73 ;C
82;0.81 -0.9099999999999999 -0.47 ;C
83;0.95 -0.52 0.28 ;N
84;-2.16 -0.9 0.14 ;H
85;-3.86 0.46 0.99 ;H
86;-2.12 0.56 0.04 ;H
87;-2.01 2.81 1.97 ;H
88;-2.75 1.55 2.96 ;H
89;-0.18 2.6300000000000003 0.67 ;H
90;-0.19 3.57 2.33 ;H
91;0.52 1.81 3.16 ;H
92;0.98 0.71 1.89 ;H
93;1.42 1.55 1.82 ;H
94;1.15 3.08 0.28 ;H
95;-2.14 0.10999999999999999 0.15 ;N
96;-2.84 0.92 2.05 ;N
97;-2.47 0.20999999999999996 0.94 ;C
98;-2.42 1.0 0.9 ;N
99;-2.77 2.02 1.98 ;C
100;-0.13 2.67 1.72 ;C
101;0.7 1.74 2.09 ;C
102;0.1 2.06 0.99 ;O
103;0.48 0.5399999999999999 0.1 ;C
104;0.59 2.03 1.3 ;C
105;0.89 3.45 1.2 ;N
106;-2.69 1.7200000000000002 -1.91 ;H
107;-3.84 4.45 0.14 ;H
108;0.91 2.6100000000000003 -1.34 ;H
109;-1.39 6.25 1.82 ;H
110;0.64 3.9499999999999997 -0.99 ;H
111;0.43 7.65 1.26 ;H
112;0.43 6.79 2.53 ;H
113;1.94 5.680000000000001 0.94 ;H
114;2.16 5.77 3.78 ;H
115;-1.36 3.4299999999999997 -0.63 ;C
116;-2.89 4.54 0.1 ;C
117;-0.72 3.9300000000000006 -0.31 ;C
118;-1.77 5.83 0.85 ;C
119;0.4 5.53 0.74 ;C
120;0.87 5.68 0.54 ;C
121;0.1 6.66 1.58 ;C
122;0.58 4.07 3.36 ;O
123;0.89 4.34 2.2 ;C
124;1.32 5.77 1.84 ;C
125;2.13 6.31 2.92 ;N
126;8.0 9.58 6.86 ;H
127;3.83 10.35 6.51 ;H
128;7.22 8.8 4.56 ;H
129;3.64 9.88 3.84 ;H
130;5.05 9.2 3.03 ;H
131;3.14 7.76 4.92 ;H
132;4.8 6.25 5.14 ;H
133;5.95 10.16 7.14 ;N
134;7.0 9.65 6.47 ;C
135;4.85 10.05 6.28 ;C
136;6.63 9.23 5.25 ;N
137;5.28 9.48 5.12 ;C
138;4.43 9.13 3.92 ;C
139;2.95 8.09 1.8 ;O
140;2.91 7.4 2.82 ;C
141;3.78 7.74 4.03 ;C
142;4.79 6.71 4.24 ;N
143;7.49 5.58 1.0 ;H
144;7.91 3.92 1.44 ;H
145;8.71 4.66 3.65 ;H
146;8.36 6.34 3.25 ;H
147;6.71 5.15 4.77 ;H
148;5.09 3.98 2.78 ;H
149;9.87 6.01 0.67 ;O
150;10.39 4.23 1.21 ;O
151;9.59 5.19 1.12 ;C
152;8.16 4.96 1.6 ;C
153;8.03 5.32 3.09 ;C
154;5.78 6.87 2.21 ;O
155;5.69 6.33 3.31 ;C
156;6.61 5.17 3.68 ;C
157;5.98 3.93 3.25 ;N
158;5.92 1.58 0.87 ;H
159;4.46 2.6 1.35 ;H
160;6.11 0.69 3.03 ;H
161;4.33 0.41 4.32 ;H
162;4.01 0.28 1.04 ;S
163;5.04 1.7 1.52 ;C
164;7.43 2.43 4.12 ;O
165;6.39 2.69 3.51 ;C
166;5.49 1.56 2.99 ;C
167;4.36 1.32 3.89 ;N
168;1.73 0.86 4.62 ;H
169;1.6 2.47 5.37 ;H
170;2.75 1.28 6.02 ;H
171;2.29 1.66 5.11 ;C
172;3.29 3.31 3.69 ;O
173;3.37 2.17 4.16 ;C
connect
1 2 
7 0 
0 
11 10 4 
3 
10 
11 
13 1 
15 
11 9 
3 5 12 
14 3 9 6 12 
10 13 11 
12 7 
26 11 15 
14 8 
49 23 
46 
19 
18 24 
21 
25 20 24 
29 27 
16 25 
21 19 
23 29 21 
27 14 
22 26 
29 
25 22 28 
43 32 
43 
30 
38 
43 
45 
45 43 44 
47 46 38 
37 44 33 
40 47 
58 39 
50 49 
81 58 59 
36 30 34 31 
38 36 
36 35 
37 17 
39 37 50 
50 
41 16 
47 41 48 50 
59 
56 
57 
59 56 
56 
54 52 55 
58 53 
42 57 40 
42 54 51 
83 81 
62 72 70 65 
71 61 
72 
73 71 
75 61 
69 77 75 
68 162 
79 67 
80 66 
61 
64 62 
61 63 
76 64 
75 
66 65 74 
78 73 
66 79 77 
79 76 
77 68 78 
81 69 
60 42 80 
103 83 
82 60 
97 
97 
95 
100 99 
99 
105 102 
123 100 
101 
93 
101 92 
105 
98 86 
99 98 
98 84 85 
96 95 97 
87 88 96 
90 102 87 
104 93 91 
100 104 103 89 
102 82 
102 101 
89 94 
115 
116 
110 117 
121 118 
120 108 
121 
121 
124 120 
125 
117 106 
118 107 
119 115 108 
109 116 
120 121 117 
113 119 110 
119 112 111 109 
123 
124 122 90 
125 113 123 
140 114 124 
134 
135 
136 135 
138 
138 
141 
142 
134 135 
136 126 133 
137 127 128 133 
137 128 134 155 
138 135 136 
141 130 129 137 
140 
141 139 125 
142 131 140 138 
155 132 141 
152 
152 
153 
153 147 
156 146 
157 
151 
151 
152 150 149 
153 144 143 151 
156 146 145 152 
155 
156 154 142 136 
157 147 155 153 
165 148 156 
163 
163 
166 167 
167 173 
67 163 
166 159 158 162 
165 
166 164 157 
167 160 165 163 
173 161 166 160 
171 
171 
171 
173 170 168 169 
173 
172 167 171 161 
